20181211,0200,53.19,53.19,53.19,53.19,0,0
20181211,0300,53.19,53.25,53.19,53.25,0,0
20181211,0400,53.25,53.25,52.50,52.51,0,0
20181211,0500,52.51,52.51,52.09,52.33,0,0
20181211,0600,52.33,52.33,52.24,52.30,0,0
20181211,0700,52.30,52.30,52.30,52.30,0,0
20181211,1500,52.47,52.47,52.47,52.47,0,0
20181211,1600,52.47,52.47,52.30,52.30,0,0
20181211,1700,52.30,52.30,52.30,52.30,0,0
20181211,1800,52.30,52.30,52.30,52.30,0,0
20181211,1900,52.30,52.30,52.30,52.30,0,0
20181211,2000,52.30,52.30,52.30,52.30,0,0
20181211,2100,52.30,52.30,52.30,52.30,0,0
20181211,2200,52.30,52.30,52.30,52.30,0,0
20181211,2300,53.03,53.57,53.02,53.36,0,0
20181212,0000,53.36,53.57,53.33,53.40,0,0
20181212,0100,53.40,53.45,53.00,53.00,0,0
20181212,0200,53.00,53.00,52.81,52.81,0,0
20181212,0300,52.81,52.90,52.81,52.90,0,0
20181212,0400,52.90,52.93,52.54,52.92,0,0
20181212,0500,52.92,52.92,52.92,52.92,0,0
20181212,0600,52.92,53.28,52.92,53.20,0,0
20181212,0700,53.20,53.20,53.20,53.20,0,0
20181212,0800,53.23,53.23,53.23,53.23,0,0
20181212,0900,53.23,53.23,53.23,53.23,0,0
20181212,1000,53.23,53.53,53.23,53.51,0,0
20181212,1100,53.51,53.51,53.44,53.44,0,0
20181212,1200,53.44,53.44,53.44,53.44,0,0
20181212,1300,53.44,53.44,53.44,53.44,0,0
20181212,1400,53.44,53.44,53.44,53.44,0,0
20181212,1500,53.44,53.44,53.44,53.44,0,0
20181212,1600,53.44,53.44,53.44,53.44,0,0
20181212,1700,53.44,53.44,53.20,53.28,0,0
20181212,1800,53.28,53.64,53.28,53.64,0,0
20181212,1900,53.64,53.64,53.64,53.64,0,0
20181212,2000,53.64,53.64,53.64,53.64,0,0
20181212,2100,53.64,53.96,53.64,53.79,0,0
20181212,2200,53.79,53.85,53.69,53.69,0,0
20181212,2300,53.69,54.01,53.60,53.60,0,0
20181213,0000,53.60,53.73,53.34,53.73,0,0
20181213,0100,53.73,53.87,53.60,53.60,0,0
20181213,0200,53.60,53.60,53.38,53.57,0,0
20181213,0300,53.57,53.61,53.56,53.56,0,0
20181213,0400,53.56,53.56,52.57,52.85,0,0
20181213,0500,52.85,52.85,52.70,52.70,0,0
20181213,0600,52.70,52.70,52.70,52.70,0,0
20181213,0700,52.70,52.70,52.70,52.70,0,0
20181213,1200,53.06,53.06,53.06,53.06,0,0
20181213,1300,53.06,53.06,53.00,53.00,0,0
20181213,1400,53.00,53.06,53.00,53.00,0,0
20181213,1500,53.00,53.00,53.00,53.00,0,0
20181213,1600,53.00,53.00,52.96,52.96,0,0
20181213,1700,52.96,52.96,52.76,52.95,0,0
20181213,1800,52.95,53.17,52.95,53.17,0,0
20181213,1900,53.17,53.17,52.54,52.54,0,0
20181213,2000,52.54,52.54,52.54,52.54,0,0
20181213,2100,52.54,52.54,52.54,52.54,0,0
20181213,2200,52.54,52.54,52.39,52.40,0,0
20181213,2300,52.40,52.52,52.40,52.52,0,0
20181214,0000,52.52,53.23,52.52,53.08,0,0
20181214,0100,53.08,53.32,52.97,53.32,0,0
20181214,0200,53.32,53.41,53.32,53.40,0,0
20181214,0300,53.40,53.61,53.40,53.61,0,0
20181214,0400,53.61,54.25,53.49,54.23,0,0
20181214,0500,54.23,54.65,54.23,54.50,0,0
20181214,0600,54.50,54.57,54.50,54.57,0,0
20181214,0700,54.57,54.57,54.57,54.57,0,0
20181214,1000,54.02,54.03,54.02,54.03,0,0
20181214,1100,54.03,54.06,54.03,54.06,0,0
20181214,1200,54.06,54.06,53.95,54.06,0,0
20181214,1300,54.06,54.06,54.00,54.00,0,0
20181214,1400,54.00,54.00,54.00,54.00,0,0
20181214,1500,54.00,54.00,54.00,54.00,0,0
20181214,1600,54.00,54.00,53.80,53.80,0,0
20181214,1700,53.80,53.93,53.80,53.80,0,0
20181214,1800,53.80,53.80,53.70,53.70,0,0
20181214,1900,53.70,54.26,53.70,53.88,0,0
20181214,2000,53.88,53.88,53.88,53.88,0,0
20181214,2100,53.88,53.88,53.88,53.88,0,0
20181214,2200,53.88,53.88,53.88,53.88,0,0
20181214,2300,53.88,54.13,53.64,53.64,0,0
20181215,0000,53.64,53.64,53.30,53.42,0,0
20181215,0100,53.42,53.42,52.92,52.92,0,0
20181215,0200,52.92,52.92,52.92,52.92,0,0
20181215,0300,52.92,53.04,52.92,53.04,0,0
20181215,0400,53.04,53.10,52.79,53.10,0,0
20181215,0500,53.10,53.10,53.10,53.10,0,0
20181215,0600,53.10,53.10,53.10,53.10,0,0
20181217,1000,53.31,53.31,53.31,53.31,0,0
20181217,1100,53.31,53.31,53.31,53.31,0,0
20181217,1200,53.31,53.31,53.31,53.31,0,0
20181217,1300,53.31,53.31,53.31,53.31,0,0
20181217,1400,53.31,53.31,53.31,53.31,0,0
20181217,1500,53.31,53.31,53.06,53.06,0,0
20181217,1600,53.06,53.06,53.06,53.06,0,0
20181217,1700,53.06,53.06,53.06,53.06,0,0
20181217,1800,53.06,53.06,53.06,53.06,0,0
20181217,1900,53.06,53.51,53.06,53.51,0,0
20181217,2000,53.51,53.51,53.51,53.51,0,0
20181217,2100,53.51,53.62,53.51,53.62,0,0
20181217,2200,53.62,53.62,53.25,53.25,0,0
20181217,2300,53.25,53.35,53.04,53.17,0,0
20181218,0000,53.17,53.18,52.45,52.92,0,0
20181218,0100,52.92,52.92,52.36,52.52,0,0
20181218,0200,52.52,52.67,52.52,52.57,0,0
20181218,0300,52.57,52.57,52.57,52.57,0,0
20181218,0400,52.57,52.57,51.49,51.73,0,0
20181218,0500,51.73,51.73,51.48,51.48,0,0
20181218,0600,51.48,51.48,51.48,51.48,0,0
20181218,0700,51.48,51.48,51.48,51.48,0,0
20181218,0800,51.54,51.56,51.54,51.56,0,0
20181218,0900,51.56,51.56,51.56,51.56,0,0
20181218,1000,51.56,51.56,51.56,51.56,0,0
20181218,1100,51.56,51.56,51.56,51.56,0,0
20181218,1200,51.56,51.56,51.56,51.56,0,0
20181218,1300,51.56,51.56,51.48,51.48,0,0
20181218,1400,51.48,51.48,51.23,51.23,0,0
20181218,1500,51.23,51.28,51.23,51.28,0,0
20181218,1600,51.28,51.28,51.19,51.19,0,0
20181218,1700,51.19,51.35,51.19,51.35,0,0
20181218,1800,51.35,51.35,50.17,50.56,0,0
20181218,1900,50.56,50.65,50.50,50.64,0,0
20181218,2000,50.64,50.77,50.64,50.77,0,0
20181218,2100,50.77,50.87,50.66,50.87,0,0
20181218,2200,50.87,51.00,50.83,51.00,0,0
20181218,2300,51.00,51.40,50.83,50.85,0,0
20181219,0000,50.85,51.06,50.15,50.15,0,0
20181219,0100,50.15,50.17,49.50,49.61,0,0
20181219,0200,49.61,49.93,49.61,49.89,0,0
20181219,0300,49.89,49.89,49.35,49.35,0,0
20181219,0400,49.35,49.48,49.32,49.32,0,0
20181219,0500,49.32,49.32,49.32,49.32,0,0
20181219,0600,49.32,49.32,48.31,48.51,0,0
20181219,0700,48.51,48.51,48.51,48.51,0,0
20181219,0900,48.72,48.87,48.72,48.87,0,0
20181219,1000,48.87,48.89,48.71,48.89,0,0
20181219,1100,48.89,48.89,48.89,48.89,0,0
20181219,1200,48.89,48.89,48.74,48.78,0,0
20181219,1300,48.78,48.78,48.78,48.78,0,0
20181219,1400,48.78,48.95,48.78,48.95,0,0
20181219,1500,48.95,48.95,48.90,48.90,0,0
20181219,1600,48.90,48.90,48.84,48.84,0,0
20181219,1700,48.84,48.84,48.83,48.83,0,0
20181219,1800,48.83,49.00,48.57,49.00,0,0
20181219,1900,49.00,49.10,48.93,48.93,0,0
20181219,2000,48.93,48.93,48.60,48.60,0,0
20181219,2100,48.60,48.98,48.60,48.98,0,0
20181219,2200,48.98,48.98,48.73,48.73,0,0
20181219,2300,48.73,49.32,48.73,49.32,0,0
20181220,0000,49.32,50.27,49.32,50.27,0,0
20181220,0100,50.27,50.27,49.87,49.91,0,0
20181220,0200,49.91,50.06,49.91,50.01,0,0
20181220,0300,50.01,50.01,49.40,49.53,0,0
20181220,0400,49.53,49.53,49.36,49.36,0,0
20181220,0500,49.36,49.51,49.36,49.51,0,0
20181220,0600,49.51,49.51,49.35,49.35,0,0
20181220,0700,49.35,49.35,49.35,49.35,0,0
20181220,0800,49.55,49.55,49.55,49.55,0,0
20181220,0900,49.55,49.55,49.35,49.35,0,0
20181220,1000,49.35,49.35,49.35,49.35,0,0
20181220,1100,49.35,49.55,49.35,49.55,0,0
20181220,1200,49.55,49.55,49.55,49.55,0,0
20181220,1300,49.55,49.55,49.55,49.55,0,0
20181220,1400,49.55,49.55,49.55,49.55,0,0
20181220,1500,49.55,49.55,49.32,49.32,0,0
20181220,1600,49.32,49.37,49.32,49.37,0,0
20181220,1700,49.37,49.37,48.53,48.53,0,0
20181220,1800,48.53,48.67,47.80,48.40,0,0
20181220,1900,48.40,48.52,48.40,48.41,0,0
20181220,2000,48.41,48.76,48.41,48.55,0,0
20181220,2100,48.55,48.92,48.55,48.92,0,0
20181220,2200,48.92,48.93,48.68,48.75,0,0
20181220,2300,48.75,48.83,48.61,48.82,0,0
20181221,0000,48.82,48.84,48.49,48.68,0,0
20181221,0100,48.68,48.70,47.82,48.25,0,0
20181221,0200,48.25,48.35,48.18,48.27,0,0
20181221,0300,48.27,48.27,47.96,48.16,0,0
20181221,0400,48.16,48.16,47.74,47.74,0,0
20181221,0500,47.74,48.06,47.74,48.06,0,0
20181221,0600,48.06,48.06,48.06,48.06,0,0
20181221,0700,48.06,48.06,48.06,48.06,0,0
20181221,1000,48.43,48.46,48.43,48.46,0,0
20181221,1100,48.46,48.46,48.46,48.46,0,0
20181221,1200,48.46,48.46,48.46,48.46,0,0
20181221,1300,48.46,48.46,48.02,48.02,0,0
20181221,1400,48.02,48.02,48.02,48.02,0,0
20181221,1500,48.02,48.02,48.02,48.02,0,0
20181221,1600,48.02,48.02,48.02,48.02,0,0
20181221,1700,48.02,48.33,47.89,47.89,0,0
20181221,1800,47.89,47.97,47.80,47.80,0,0
20181221,1900,47.80,47.80,47.54,47.54,0,0
20181221,2000,47.54,47.55,47.40,47.40,0,0
20181221,2100,47.40,47.40,47.09,47.09,0,0
20181221,2200,47.09,47.31,47.09,47.15,0,0
20181221,2300,47.15,47.49,47.12,47.45,0,0
20181222,0000,47.45,47.82,47.45,47.67,0,0
20181222,0100,47.67,47.98,47.67,47.98,0,0
20181222,0200,47.98,47.98,47.44,47.82,0,0
20181222,0300,47.82,47.95,47.69,47.95,0,0
20181222,0400,47.95,47.95,47.48,47.51,0,0
20181222,0500,47.51,47.51,47.22,47.22,0,0
20181222,0600,47.22,47.22,47.18,47.18,0,0
20181224,0800,47.46,47.46,47.41,47.41,0,0
20181224,0900,47.41,47.41,47.35,47.35,0,0
20181224,1000,47.35,47.35,47.35,47.35,0,0
20181224,1100,47.35,47.60,47.35,47.60,0,0
20181224,1200,47.60,47.89,47.60,47.89,0,0
20181224,1300,47.89,47.89,47.89,47.89,0,0
20181224,1400,47.89,47.89,47.89,47.89,0,0
20181224,1500,47.89,47.89,47.55,47.55,0,0
20181224,1600,47.55,47.55,47.55,47.55,0,0
20181224,1700,47.55,47.55,47.37,47.39,0,0
20181224,1800,47.39,47.39,47.39,47.39,0,0
20181224,1900,47.39,47.39,47.39,47.39,0,0
20181224,2000,47.39,47.39,47.28,47.28,0,0
20181224,2100,47.28,47.28,46.86,47.03,0,0
20181224,2200,47.03,47.03,46.80,46.91,0,0
20181224,2300,46.91,47.07,46.91,47.07,0,0
20181225,0000,47.07,47.07,46.54,46.66,0,0
20181225,0100,46.66,46.66,46.27,46.30,0,0
20181225,0200,46.30,46.30,46.30,46.30,0,0
20181225,0300,46.30,46.30,44.46,44.46,0,0
20181225,0400,44.46,44.46,44.46,44.46,0,0
20181225,0500,44.46,44.46,44.46,44.46,0,0
20181225,0600,44.46,44.46,44.46,44.46,0,0
20181225,0700,44.46,44.46,44.46,44.46,0,0
20181226,0800,44.89,44.89,44.89,44.89,0,0
20181226,0900,44.89,44.89,44.89,44.89,0,0
20181226,1000,44.89,44.89,44.89,44.89,0,0
20181226,1100,44.89,44.89,44.89,44.89,0,0
20181226,1200,44.89,44.89,44.89,44.89,0,0
20181226,1300,44.89,44.89,44.89,44.89,0,0
20181226,1400,44.89,44.89,44.89,44.89,0,0
20181226,1500,44.89,44.89,44.89,44.89,0,0
20181226,1600,44.89,44.89,44.89,44.89,0,0
20181226,1700,44.89,44.89,44.69,44.69,0,0
20181226,1800,44.69,45.16,44.69,45.06,0,0
20181226,1900,45.06,45.16,45.06,45.16,0,0
20181226,2000,45.16,45.35,45.07,45.35,0,0
20181226,2100,45.35,45.35,45.07,45.07,0,0
20181226,2200,45.07,45.07,44.75,44.75,0,0
20181226,2300,44.75,45.91,44.75,45.70,0,0
20181227,0000,45.70,46.04,45.50,46.02,0,0
20181227,0100,45.94,46.90,45.94,46.90,0,0
20181227,0200,46.90,47.69,46.90,47.50,0,0
20181227,0300,47.50,47.52,47.30,47.30,0,0
20181227,0400,47.30,48.26,47.30,48.08,0,0
20181227,0500,48.08,48.54,48.08,48.54,0,0
20181227,0600,48.54,48.78,48.54,48.75,0,0
20181227,0700,48.75,48.75,48.75,48.75,0,0
20181227,0900,48.17,48.17,48.17,48.17,0,0
20181227,1000,48.17,48.17,48.17,48.17,0,0
20181227,1100,48.17,48.17,48.17,48.17,0,0
20181227,1200,48.17,48.17,48.17,48.17,0,0
20181227,1300,48.17,48.17,48.17,48.17,0,0
20181227,1400,48.17,48.21,48.17,48.21,0,0
20181227,1500,48.21,48.21,47.98,47.98,0,0
20181227,1600,47.98,47.98,47.61,47.61,0,0
20181227,1700,47.61,47.61,47.61,47.61,0,0
20181227,1800,47.61,47.61,46.91,46.91,0,0
20181227,1900,46.91,46.91,46.91,46.91,0,0
20181227,2000,46.91,47.52,46.91,47.45,0,0
20181227,2100,47.45,47.45,47.45,47.45,0,0
20181227,2200,47.45,47.75,47.20,47.75,0,0
20181227,2300,47.75,47.75,47.25,47.43,0,0
20181228,0000,47.43,47.61,47.29,47.53,0,0
20181228,0100,47.53,47.53,46.99,47.02,0,0
20181228,0200,47.02,47.42,46.87,47.42,0,0
20181228,0300,47.42,47.42,47.42,47.42,0,0
20181228,0400,47.42,47.42,46.43,46.79,0,0
20181228,0500,46.79,47.42,46.79,47.42,0,0
20181228,0600,47.42,47.67,47.42,47.43,0,0
20181228,0700,47.43,47.43,47.43,47.43,0,0
20181228,0900,47.78,47.78,47.78,47.78,0,0
20181228,1000,47.78,48.00,47.78,48.00,0,0
20181228,1100,48.00,48.00,48.00,48.00,0,0
20181228,1200,48.00,48.00,48.00,48.00,0,0
20181228,1300,48.00,48.00,48.00,48.00,0,0
20181228,1400,48.00,48.00,47.40,47.40,0,0
20181228,1500,47.40,47.40,47.40,47.40,0,0
20181228,1600,47.40,47.40,47.40,47.40,0,0
20181228,1700,47.40,47.65,47.40,47.65,0,0
20181228,1800,47.65,47.65,47.65,47.65,0,0
20181228,1900,47.65,47.65,47.50,47.50,0,0
20181228,2000,47.50,47.50,47.41,47.48,0,0
20181228,2100,47.48,47.48,46.53,46.73,0,0
20181228,2200,46.73,47.31,46.73,47.31,0,0
20181228,2300,47.31,47.31,47.10,47.10,0,0
20181229,0000,47.10,47.16,46.42,46.49,0,0
20181229,0100,46.49,47.43,46.49,47.43,0,0
20181229,0200,47.43,47.43,47.33,47.33,0,0
20181229,0300,47.33,47.33,47.17,47.17,0,0
20181229,0400,47.17,47.18,47.13,47.18,0,0
20181229,0500,47.18,47.18,47.10,47.10,0,0
20181229,0600,47.10,47.10,47.10,47.10,0,0
20181231,1200,47.63,47.66,47.63,47.66,0,0
20181231,1300,47.66,47.73,47.66,47.73,0,0
20181231,1400,47.73,47.73,47.72,47.73,0,0
20181231,1500,47.73,47.73,47.73,47.73,0,0
20181231,1600,47.73,48.03,47.73,48.03,0,0
20181231,1700,48.03,48.03,48.03,48.03,0,0
20181231,1800,48.03,48.03,48.03,48.03,0,0
20181231,1900,48.03,48.03,48.03,48.03,0,0
20181231,2000,48.03,48.03,47.70,47.71,0,0
20181231,2100,47.71,48.19,47.71,48.08,0,0
20181231,2200,48.08,48.08,47.94,47.94,0,0
20181231,2300,47.94,47.94,47.40,47.40,0,0
20190101,0000,47.40,47.40,46.82,47.05,0,0
20190101,0100,47.05,47.05,46.92,46.94,0,0
20190101,0200,46.94,47.41,46.94,47.37,0,0
20190101,0300,47.37,47.37,47.37,47.37,0,0
20190101,0400,47.37,47.91,47.31,47.91,0,0
20190101,0500,47.91,48.06,47.88,48.06,0,0
20190101,0600,48.06,48.06,48.06,48.06,0,0
20190101,0700,48.06,48.06,48.06,48.06,0,0
20190102,1100,47.35,47.35,47.35,47.35,0,0
20190102,1200,47.35,47.35,47.35,47.35,0,0
20190102,1300,47.35,47.35,47.35,47.35,0,0
20190102,1400,47.35,47.35,47.35,47.35,0,0
20190102,1500,47.35,47.35,47.35,47.35,0,0
20190102,1600,47.35,47.35,47.11,47.11,0,0
20190102,1700,47.11,47.11,46.60,46.74,0,0
20190102,1800,46.74,46.94,46.74,46.94,0,0
20190102,1900,46.94,46.96,46.94,46.96,0,0
20190102,2000,46.96,46.96,46.96,46.96,0,0
20190102,2100,46.96,47.20,46.96,47.20,0,0
20190102,2200,47.20,47.20,47.20,47.20,0,0
20190102,2300,47.20,47.20,46.83,47.02,0,0
20190103,0000,47.02,49.24,47.02,49.11,0,0
20190103,0100,49.11,50.01,48.99,49.00,0,0
20190103,0200,49.00,49.00,49.00,49.00,0,0
20190103,0300,49.00,49.62,48.94,48.96,0,0
20190103,0400,48.96,49.01,48.67,48.77,0,0
20190103,0500,48.77,48.77,48.77,48.77,0,0
20190103,0600,48.77,48.77,48.77,48.77,0,0
20190103,0700,48.77,48.77,48.77,48.77,0,0
20190103,0800,48.23,48.23,48.23,48.23,0,0
20190103,0900,48.23,48.23,48.23,48.23,0,0
20190103,1000,48.23,48.23,48.11,48.11,0,0
20190103,1100,48.11,48.11,48.11,48.11,0,0
20190103,1200,48.11,48.11,48.11,48.11,0,0
20190103,1300,48.11,48.11,48.05,48.05,0,0
20190103,1400,48.05,48.05,47.98,47.98,0,0
20190103,1500,47.98,48.07,47.98,48.00,0,0
20190103,1600,48.00,48.08,48.00,48.08,0,0
20190103,1700,48.08,48.17,48.08,48.17,0,0
20190103,1800,48.17,48.53,48.17,48.53,0,0
20190103,1900,48.53,48.71,48.53,48.59,0,0
20190103,2000,48.59,48.83,48.59,48.83,0,0
20190103,2100,48.83,49.07,48.83,49.03,0,0
20190103,2200,49.03,49.70,49.00,49.70,0,0
20190103,2300,49.70,49.75,49.09,49.09,0,0
20190104,0000,49.09,49.09,48.14,48.14,0,0
20190104,0100,48.14,48.75,48.14,48.75,0,0
20190104,0200,48.75,49.02,48.75,49.02,0,0
20190104,0300,49.02,49.10,49.02,49.10,0,0
20190104,0400,49.10,49.53,49.10,49.47,0,0
20190104,0500,49.47,49.47,49.47,49.47,0,0
20190104,0600,49.47,49.47,49.15,49.15,0,0
20190104,0700,49.15,49.15,49.15,49.15,0,0
20190104,1400,49.83,49.83,49.83,49.83,0,0
20190104,1500,49.83,50.01,49.83,50.01,0,0
20190104,1600,50.01,50.01,50.01,50.01,0,0
20190104,1700,50.01,50.01,50.01,50.01,0,0
20190104,1800,50.01,50.20,50.01,50.20,0,0
20190104,1900,50.20,50.20,50.20,50.20,0,0
20190104,2000,50.20,50.20,50.20,50.20,0,0
20190104,2100,50.20,50.44,50.20,50.29,0,0
20190104,2200,50.29,50.65,50.29,50.62,0,0
20190104,2300,50.62,51.10,50.33,50.98,0,0
20190105,0000,50.98,51.37,50.90,51.37,0,0
20190105,0100,51.37,51.37,50.12,50.30,0,0
20190105,0200,50.30,50.30,50.00,50.10,0,0
20190105,0300,50.10,50.38,50.10,50.27,0,0
20190105,0400,50.27,50.32,50.16,50.29,0,0
20190105,0500,50.29,50.39,50.29,50.39,0,0
20190105,0600,50.39,50.57,50.39,50.57,0,0
20190107,0900,50.94,50.94,50.94,50.94,0,0
20190107,1000,50.94,50.94,50.67,50.67,0,0
20190107,1100,50.67,50.67,50.67,50.67,0,0
20190107,1200,50.67,50.67,50.67,50.67,0,0
20190107,1300,50.67,50.67,50.67,50.67,0,0
20190107,1400,50.67,50.67,50.67,50.67,0,0
20190107,1500,50.67,50.67,50.67,50.67,0,0
20190107,1600,50.67,50.67,50.67,50.67,0,0
20190107,1700,50.67,50.67,50.67,50.67,0,0
20190107,1800,50.67,51.23,50.67,51.20,0,0
20190107,1900,51.20,51.60,51.20,51.60,0,0
20190107,2000,51.60,51.60,51.50,51.51,0,0
20190107,2100,51.51,51.51,51.40,51.45,0,0
20190107,2200,51.45,51.45,51.30,51.30,0,0
20190107,2300,51.30,51.42,50.82,50.90,0,0
20190108,0000,50.90,51.81,50.90,51.61,0,0
20190108,0100,51.61,51.93,51.40,51.51,0,0
20190108,0200,51.51,51.51,51.20,51.20,0,0
20190108,0300,51.20,51.24,51.20,51.24,0,0
20190108,0400,51.24,51.24,50.70,50.80,0,0
20190108,0500,50.80,50.83,50.80,50.83,0,0
20190108,0600,50.83,50.83,50.83,50.83,0,0
20190108,0700,50.83,50.83,50.83,50.83,0,0
20190108,1000,50.75,50.75,50.55,50.55,0,0
20190108,1100,50.55,50.90,50.55,50.90,0,0
20190108,1200,50.90,50.90,50.90,50.90,0,0
20190108,1300,50.90,50.90,50.90,50.90,0,0
20190108,1400,50.90,50.90,50.90,50.90,0,0
20190108,1500,50.90,50.90,50.90,50.90,0,0
20190108,1600,50.90,50.90,50.90,50.90,0,0
20190108,1700,50.90,50.93,50.90,50.93,0,0
20190108,1800,50.93,51.29,50.93,51.29,0,0
20190108,1900,51.29,51.48,51.29,51.46,0,0
20190108,2000,51.46,51.64,51.46,51.64,0,0
20190108,2100,51.64,51.64,51.64,51.64,0,0
20190108,2200,51.64,51.64,51.30,51.40,0,0
20190108,2300,51.40,51.71,51.40,51.71,0,0
20190109,0000,51.71,51.71,51.32,51.47,0,0
20190109,0100,51.47,52.00,51.37,51.97,0,0
20190109,0200,51.97,52.10,51.76,51.77,0,0
20190109,0300,51.77,51.94,51.42,51.94,0,0
20190109,0400,51.94,52.10,51.82,51.97,0,0
20190109,0500,51.97,51.99,51.92,51.97,0,0
20190109,0600,51.97,52.00,51.97,52.00,0,0
20190109,0700,52.00,52.00,52.00,52.00,0,0
20190109,0900,52.39,52.39,52.39,52.39,0,0
20190109,1000,52.39,52.67,52.39,52.67,0,0
20190109,1100,52.67,52.67,52.61,52.61,0,0
20190109,1200,52.61,52.61,52.61,52.61,0,0
20190109,1300,52.61,52.61,52.61,52.61,0,0
20190109,1400,52.61,52.61,52.61,52.61,0,0
20190109,1500,52.61,52.72,52.61,52.72,0,0
20190109,1600,52.72,52.72,52.72,52.72,0,0
20190109,1700,52.72,52.72,52.43,52.54,0,0
20190109,1800,52.54,53.11,52.48,53.11,0,0
20190109,1900,53.11,53.11,53.01,53.01,0,0
20190109,2000,53.01,53.02,53.01,53.02,0,0
20190109,2100,53.02,53.02,53.02,53.02,0,0
20190109,2200,53.02,53.02,53.02,53.02,0,0
20190109,2300,53.02,53.63,53.02,53.46,0,0
20190110,0000,53.46,53.59,52.95,53.16,0,0
20190110,0100,53.16,54.61,53.16,54.37,0,0
20190110,0200,54.37,54.37,54.06,54.07,0,0
20190110,0300,54.07,54.45,54.07,54.34,0,0
20190110,0400,54.34,54.56,54.34,54.36,0,0
20190110,0500,54.36,54.63,54.36,54.56,0,0
20190110,0600,54.56,54.56,54.47,54.47,0,0
20190110,0700,54.47,54.47,54.47,54.47,0,0
20190110,1000,53.94,53.94,53.81,53.81,0,0
20190110,1100,53.81,54.06,53.81,54.06,0,0
20190110,1200,54.06,54.06,53.99,54.03,0,0
20190110,1300,54.03,54.03,54.03,54.03,0,0
20190110,1400,54.03,54.03,54.03,54.03,0,0
20190110,1500,54.03,54.03,54.03,54.03,0,0
20190110,1600,54.03,54.03,53.84,53.84,0,0
20190110,1700,53.84,53.84,53.81,53.81,0,0
20190110,1800,53.81,53.81,53.81,53.81,0,0
20190110,1900,53.81,54.18,53.81,54.18,0,0
20190110,2000,54.18,54.18,54.18,54.18,0,0
20190110,2100,54.18,54.20,54.18,54.20,0,0
20190110,2200,54.20,54.36,53.87,53.87,0,0
20190110,2300,53.93,54.17,53.77,53.94,0,0
20190111,0000,53.94,54.10,53.94,54.10,0,0
20190111,0100,54.10,54.64,54.10,54.42,0,0
20190111,0200,54.42,54.60,54.40,54.60,0,0
20190111,0300,54.60,54.60,54.30,54.60,0,0
20190111,0400,54.60,54.85,54.43,54.75,0,0
20190111,0500,54.75,54.75,54.68,54.68,0,0
20190111,0600,54.68,54.68,54.50,54.50,0,0
20190111,0700,54.50,54.50,54.50,54.50,0,0
20190111,0800,54.34,54.34,54.34,54.34,0,0
20190111,0900,54.34,54.34,54.34,54.34,0,0
20190111,1000,54.34,54.40,54.34,54.40,0,0
20190111,1100,54.40,54.57,54.40,54.57,0,0
20190111,1200,54.57,54.57,54.57,54.57,0,0
20190111,1300,54.57,54.59,54.57,54.59,0,0
20190111,1400,54.59,54.71,54.59,54.71,0,0
20190111,1500,54.71,54.71,54.71,54.71,0,0
20190111,1600,54.71,54.90,54.71,54.90,0,0
20190111,1700,54.90,55.24,54.90,55.16,0,0
20190111,1800,55.16,55.40,55.16,55.32,0,0
20190111,1900,55.32,55.32,55.06,55.06,0,0
20190111,2000,55.06,55.06,55.00,55.00,0,0
20190111,2100,55.00,55.00,54.82,54.82,0,0
20190111,2200,54.82,54.82,54.10,54.10,0,0
20190111,2300,54.10,54.14,53.91,53.91,0,0
20190112,0000,53.91,54.15,53.78,54.15,0,0
20190112,0100,54.15,54.15,54.00,54.00,0,0
20190112,0200,54.00,54.00,53.80,53.83,0,0
20190112,0300,53.83,53.83,53.64,53.64,0,0
20190112,0400,53.64,53.78,53.54,53.78,0,0
20190112,0500,53.78,53.78,53.78,53.78,0,0
20190112,0600,53.78,53.78,53.78,53.78,0,0
20190114,1000,53.70,53.80,53.70,53.80,0,0
20190114,1100,53.80,53.80,53.47,53.47,32,0
20190114,1200,53.47,53.47,53.17,53.17,36,0
20190114,1300,53.17,53.17,53.17,53.17,0,0
20190114,1400,53.17,53.17,53.17,53.17,0,0
20190114,1500,53.17,53.17,53.17,53.17,6,0
20190114,1600,53.17,53.17,53.17,53.17,78,0
20190114,1700,53.17,53.17,52.75,52.75,30,0
20190114,1800,52.75,52.75,52.75,52.75,96,0
20190114,1900,52.75,52.75,52.75,52.75,96,0
20190114,2000,52.75,52.75,52.75,52.75,47,0
20190114,2100,52.75,52.75,52.75,52.75,4,0
20190114,2200,52.75,53.10,52.75,53.01,64,0
20190114,2300,53.01,53.42,53.01,53.12,704,0
20190115,0000,53.12,53.70,53.12,53.63,1069,0
20190115,0100,53.63,53.63,53.41,53.41,160,0
20190115,0200,53.41,53.41,53.35,53.35,246,0
20190115,0300,53.35,53.35,53.18,53.32,752,0
20190115,0400,53.32,53.32,52.47,52.53,2744,0
20190115,0500,52.53,52.53,52.53,52.53,113,0
20190115,0600,52.53,52.53,52.53,52.53,24,0
20190115,1000,53.00,53.00,53.00,53.00,3,0
20190115,1100,53.00,53.00,53.00,53.00,4,0
20190115,1200,53.00,53.00,53.00,53.00,0,0
20190115,1300,53.00,53.00,53.00,53.00,0,0
20190115,1400,53.00,53.00,53.00,53.00,34,0
20190115,1500,53.00,53.21,53.00,53.17,41,0
20190115,1600,53.17,53.17,53.12,53.12,9,0
20190115,1700,53.12,53.12,53.12,53.12,17,0
20190115,1800,53.12,53.12,52.69,52.69,5,0
20190115,1900,52.69,52.69,52.69,52.69,14,0
20190115,2000,52.69,53.16,52.69,53.16,158,0
20190115,2100,53.16,53.16,53.08,53.08,14,0
20190115,2200,53.08,53.08,53.08,53.08,73,0
20190115,2300,53.08,53.88,53.08,53.68,1926,0
20190116,0000,53.68,54.05,53.59,53.86,1310,0
20190116,0100,53.86,53.86,53.55,53.65,245,0
20190116,0200,53.65,53.73,53.65,53.70,2773,0
20190116,0300,53.70,53.85,53.70,53.85,2158,0
20190116,0400,53.85,54.00,53.81,53.81,3921,0
20190116,0500,53.81,54.07,53.81,54.03,792,0
20190116,0600,54.03,54.03,53.98,53.98,66,0
20190116,0900,53.80,53.81,53.80,53.81,3,0
20190116,1000,53.81,53.81,53.81,53.81,18,0
20190116,1100,53.81,53.81,53.81,53.81,1,0
20190116,1200,53.81,53.81,53.81,53.81,2,0
20190116,1300,53.81,53.81,53.81,53.81,2,0
20190116,1400,53.81,53.81,53.81,53.81,3,0
20190116,1500,53.81,53.81,53.81,53.81,12,0
20190116,1600,53.81,53.81,53.81,53.81,62,0
20190116,1700,53.81,54.25,53.81,54.25,353,0
20190116,1800,54.25,54.25,54.25,54.25,13,0
20190116,1900,54.25,54.25,54.25,54.25,35,0
20190116,2000,54.25,54.25,54.25,54.25,21,0
20190116,2100,54.25,54.25,53.56,53.56,32,0
20190116,2200,53.56,53.56,53.51,53.51,75,0
20190116,2300,53.50,54.06,53.39,54.02,1216,0
20190117,0000,54.02,54.09,53.51,53.68,1174,0
20190117,0100,53.68,54.16,53.27,54.16,1582,0
20190117,0200,54.16,54.16,53.76,53.82,1148,0
20190117,0300,53.82,53.94,53.82,53.86,625,0
20190117,0400,53.86,54.37,53.86,54.35,4288,0
20190117,0500,54.35,54.44,54.35,54.44,220,0
20190117,0600,54.44,54.44,54.44,54.44,36,0
20190117,0900,54.12,54.12,54.12,54.12,0,0
20190117,1000,54.12,54.12,54.12,54.12,24,0
20190117,1100,54.12,54.12,54.12,54.12,0,0
20190117,1200,54.12,54.12,54.12,54.12,1,0
20190117,1300,54.12,54.12,54.12,54.12,0,0
20190117,1400,54.12,54.12,54.12,54.12,4,0
20190117,1500,54.12,54.12,54.12,54.12,0,0
20190117,1600,54.12,54.12,54.12,54.12,66,0
20190117,1700,54.12,54.12,53.83,53.83,278,0
20190117,1800,53.83,53.83,53.83,53.83,55,0
20190117,1900,53.83,53.83,53.83,53.83,15,0
20190117,2000,53.83,53.83,53.83,53.83,52,0
20190117,2100,53.83,53.83,53.33,53.39,30,0
20190117,2200,53.39,53.46,53.39,53.46,375,0
20190117,2300,53.46,53.80,53.45,53.78,1984,0
20190118,0000,53.78,53.78,53.50,53.50,1801,0
20190118,0100,53.50,53.74,53.50,53.74,1360,0
20190118,0200,53.74,53.93,53.74,53.92,1185,0
20190118,0300,53.92,54.07,53.92,54.07,527,0
20190118,0400,54.07,54.38,54.07,54.38,3606,0
20190118,0500,54.38,54.38,54.38,54.38,532,0
20190118,0600,54.38,54.38,54.38,54.38,383,0
20190118,1000,54.47,54.47,54.47,54.47,16,0
20190118,1100,54.47,54.47,54.47,54.47,50,0
20190118,1200,54.47,54.47,54.47,54.47,1,0
20190118,1300,54.47,54.47,54.47,54.47,1,0
20190118,1400,54.47,54.47,54.47,54.47,168,0
20190118,1500,54.47,54.70,54.47,54.70,29,0
20190118,1600,54.70,54.70,54.70,54.70,99,0
20190118,1700,54.70,54.70,54.37,54.42,64,0
20190118,1800,54.42,54.42,54.42,54.42,259,0
20190118,1900,54.42,54.80,54.42,54.80,42,0
20190118,2000,54.80,54.80,54.61,54.61,29,0
20190118,2100,54.61,54.62,54.41,54.47,161,0
20190118,2200,54.47,54.74,54.47,54.74,881,0
20190118,2300,54.74,54.74,54.50,54.55,958,0
20190119,0000,54.55,55.60,54.55,55.56,3521,0
20190119,0100,55.56,55.56,55.24,55.27,3094,0
20190119,0200,55.27,55.32,55.14,55.27,2076,0
20190119,0300,55.27,55.32,55.27,55.32,1194,0
20190119,0400,55.32,55.47,55.32,55.47,1739,0
20190119,0500,55.47,55.47,55.47,55.47,1641,0
20190119,0600,55.47,55.47,55.47,55.47,2013,0
20190121,1200,55.55,55.66,55.55,55.66,11,0
20190121,1300,55.66,55.66,55.66,55.66,24,0
20190121,1400,55.66,55.66,55.50,55.50,7,0
20190121,1500,55.50,55.50,55.50,55.50,18,0
20190121,1600,55.50,55.50,55.50,55.50,136,0
20190121,1700,55.50,55.50,55.20,55.20,174,0
20190121,1800,55.20,55.23,55.20,55.23,112,0
20190121,1900,55.23,55.45,55.23,55.45,75,0
20190121,2000,55.45,55.45,55.27,55.27,17,0
20190121,2100,55.27,55.44,55.27,55.44,52,0
20190121,2200,55.44,55.44,55.44,55.44,504,0
20190121,2300,55.65,55.68,55.59,55.68,48,0
20190122,0000,55.68,55.68,55.60,55.60,133,0
20190122,0100,55.60,55.60,55.55,55.55,224,0
20190122,0200,55.55,55.57,55.55,55.57,76,0
20190122,0300,55.57,55.57,55.57,55.57,0,0
20190122,0600,55.57,55.57,55.57,55.57,0,0
20190122,0800,55.57,55.57,55.57,55.57,40,0
20190122,0900,55.57,55.57,55.57,55.57,18,0
20190122,1000,55.57,55.57,55.57,55.57,154,0
20190122,1100,55.57,55.57,55.09,55.09,5,0
20190122,1200,55.09,55.09,55.09,55.09,2,0
20190122,1300,55.09,55.09,55.09,55.09,1,0
20190122,1400,55.09,55.09,54.83,54.83,48,0
20190122,1500,54.83,54.83,54.83,54.83,429,0
20190122,1600,54.83,54.83,54.83,54.83,638,0
20190122,1700,54.83,54.97,54.83,54.94,280,0
20190122,1800,54.94,54.94,54.65,54.70,317,0
20190122,1900,54.70,54.70,54.59,54.59,254,0
20190122,2000,54.59,54.59,54.39,54.39,806,0
20190122,2100,54.39,54.57,54.39,54.57,97,0
20190122,2200,54.57,54.70,54.57,54.68,689,0
20190122,2300,54.68,54.68,54.44,54.45,1725,0
20190123,0000,54.45,54.45,53.81,53.90,1082,0
20190123,0100,53.90,54.07,53.90,53.93,644,0
20190123,0200,53.93,54.27,53.93,54.17,1806,0
20190123,0300,54.17,54.20,53.99,54.20,946,0
20190123,0400,54.20,54.77,54.20,54.67,3174,0
20190123,0500,54.67,54.67,54.58,54.58,158,0
20190123,0600,54.58,54.58,54.58,54.58,52,0
20190123,1000,54.43,54.58,54.43,54.58,10,0
20190123,1100,54.58,54.58,54.58,54.58,6,0
20190123,1200,54.58,54.58,54.58,54.58,1,0
20190123,1300,54.58,54.72,54.58,54.72,201,0
20190123,1400,54.72,54.72,54.72,54.72,14,0
20190123,1500,54.72,54.96,54.72,54.96,74,0
20190123,1600,54.96,54.96,54.96,54.96,52,0
20190123,1700,54.96,54.96,54.96,54.96,26,0
20190123,1800,54.96,54.96,54.54,54.63,736,0
20190123,1900,54.63,55.20,54.63,55.20,124,0
20190123,2000,55.20,55.20,55.06,55.07,29,0
20190123,2100,55.07,55.12,55.07,55.12,139,0
20190123,2200,55.12,55.23,54.85,55.02,783,0
20190123,2300,55.02,55.07,54.60,54.60,1823,0
20190124,0000,54.60,54.80,54.42,54.51,2183,0
20190124,0100,54.51,54.57,53.56,53.56,1831,0
20190124,0200,53.56,54.00,53.56,54.00,674,0
20190124,0300,54.00,54.11,53.94,53.94,1441,0
20190124,0400,53.94,54.37,53.87,54.37,2487,0
20190124,0500,54.37,54.38,54.37,54.38,50,0
20190124,0600,54.38,54.38,54.12,54.12,819,0
20190124,1400,54.03,54.05,54.03,54.05,2,0
20190124,1500,54.05,54.05,54.05,54.05,10,0
20190124,1600,54.05,54.05,54.05,54.05,1,0
20190124,1700,54.05,54.05,53.89,53.89,6,0
20190124,1800,53.89,54.33,53.89,54.33,32,0
20190124,1900,54.33,54.45,54.21,54.21,313,0
20190124,2000,54.21,54.21,54.01,54.01,1346,0
20190124,2100,54.01,54.03,53.84,53.84,369,0
20190124,2200,53.84,53.90,53.76,53.76,2591,0
20190124,2300,53.76,54.24,53.76,54.24,1962,0
20190125,0000,54.24,54.37,54.13,54.33,3508,0
20190125,0100,54.31,54.59,54.07,54.59,3043,0
20190125,0200,54.59,54.64,54.59,54.64,1100,0
20190125,0300,54.64,54.88,54.57,54.73,1810,0
20190125,0400,54.73,54.73,54.57,54.68,3351,0
20190125,0500,54.68,54.68,54.62,54.62,462,0
20190125,0600,54.62,54.62,54.62,54.62,425,0
20190125,1000,54.67,54.71,54.58,54.71,7,0
20190125,1100,54.71,55.33,54.71,55.33,371,0
20190125,1200,55.33,55.33,55.33,55.33,8,0
20190125,1300,55.33,55.33,55.33,55.33,0,0
20190125,1400,55.33,55.33,55.32,55.32,2,0
20190125,1500,55.32,55.32,55.32,55.32,42,0
20190125,1600,55.32,55.32,55.08,55.08,57,0
20190125,1700,55.08,55.08,55.00,55.00,152,0
20190125,1800,55.00,55.00,54.77,54.77,20,0
20190125,1900,54.77,54.77,54.70,54.71,85,0
20190125,2000,54.71,54.71,54.55,54.55,199,0
20190125,2100,54.55,54.55,54.45,54.48,109,0
20190125,2200,54.48,54.69,54.48,54.62,274,0
20190125,2300,54.61,55.05,54.57,54.97,3287,0
20190126,0000,54.97,54.97,54.70,54.85,1779,0
20190126,0100,54.85,55.07,54.72,55.03,2357,0
20190126,0200,55.03,55.08,54.95,54.98,2027,0
20190126,0300,54.98,55.06,54.98,55.06,926,0
20190126,0400,55.06,55.21,55.06,55.13,4869,0
20190126,0500,55.13,55.13,55.13,55.13,844,0
20190126,0600,55.13,55.13,54.99,54.99,133,0
20190128,0800,54.89,55.02,54.85,54.85,117,0
20190128,0900,54.85,54.85,54.85,54.85,5,0
20190128,1000,54.85,54.85,54.85,54.85,22,0
20190128,1100,54.85,55.13,54.85,55.13,2,0
20190128,1200,55.13,55.13,54.96,54.96,4,0
20190128,1300,54.96,54.96,54.96,54.96,0,0
20190128,1400,54.96,54.96,54.76,54.76,261,0
20190128,1500,54.76,54.76,54.50,54.50,50,0
20190128,1600,54.50,54.50,54.50,54.50,26,0
20190128,1800,54.16,54.16,54.16,54.16,69,0
20190128,1900,54.16,54.16,54.10,54.10,12,0
20190128,2000,54.10,54.10,54.10,54.10,72,0
20190128,2100,54.10,54.38,54.10,54.33,14,0
20190128,2200,54.33,54.33,54.17,54.17,925,0
20190128,2300,54.17,54.17,53.59,53.59,2452,0
20190129,0000,53.59,53.62,53.35,53.48,3367,0
20190129,0100,53.48,53.48,53.01,53.01,1299,0
20190129,0200,53.01,53.29,53.01,53.25,2655,0
20190129,0300,53.25,53.25,53.25,53.25,601,0
20190129,0400,53.25,53.55,53.25,53.55,5479,0
20190129,0500,53.55,53.64,53.55,53.64,553,0
20190129,0600,53.64,53.64,53.57,53.57,234,0
20190129,1200,53.65,53.65,53.65,53.65,0,0
20190129,1300,53.65,53.65,53.65,53.65,7,0
20190129,1400,53.65,53.65,53.65,53.65,41,0
20190129,1500,53.65,53.65,53.65,53.65,58,0
20190129,1600,53.65,53.70,53.65,53.70,27,0
20190129,1700,53.70,53.70,53.53,53.62,17,0
20190129,1800,53.62,53.88,53.62,53.86,97,0
20190129,1900,53.86,54.12,53.86,54.12,44,0
20190129,2000,54.12,54.12,54.12,54.12,43,0
20190129,2100,54.12,54.12,54.00,54.07,801,0
20190129,2200,54.07,54.07,53.95,53.95,808,0
20190129,2300,53.95,54.94,53.95,54.94,2224,0
20190130,0000,54.94,55.33,54.76,54.76,1384,0
20190130,0100,54.76,54.96,54.76,54.94,1099,0
20190130,0200,54.94,54.99,54.85,54.97,1560,0
20190130,0300,54.97,54.97,54.78,54.78,770,0
20190130,0400,54.78,54.78,54.59,54.59,4583,0
20190130,0500,54.59,54.59,54.58,54.58,166,0
20190130,0600,54.58,54.74,54.58,54.74,410,0
20190130,1800,54.81,54.90,54.81,54.90,15,0
20190130,1900,54.90,55.14,54.90,55.14,46,0
20190130,2000,55.14,55.14,55.14,55.14,228,0
20190130,2100,55.14,55.37,55.14,55.37,295,0
20190130,2200,55.37,55.37,55.19,55.19,1083,0
20190130,2300,55.19,55.38,55.04,55.17,5682,0
20190131,0000,55.17,55.74,55.13,55.74,4697,0
20190131,0100,55.74,56.01,55.74,56.01,9638,0
20190131,0200,56.01,56.06,55.91,55.92,2156,0
20190131,0300,55.92,55.92,55.90,55.90,505,0
20190131,0400,55.90,55.90,55.40,55.41,0,0
20190131,0500,55.41,55.45,55.34,55.45,0,0
20190131,0600,55.45,55.45,55.41,55.41,0,0
20190131,0800,55.56,55.61,55.56,55.61,0,0
20190131,0900,55.61,55.70,55.61,55.70,0,0
20190131,1000,55.70,55.86,55.70,55.85,36,0
20190131,1100,55.85,55.85,55.85,55.85,2,0
20190131,1200,55.85,55.85,55.85,55.85,29,0
20190131,1300,55.85,55.85,55.85,55.85,0,0
20190131,1400,55.85,55.85,55.85,55.85,115,0
20190131,1500,55.85,55.85,55.85,55.85,128,0
20190131,1600,55.85,55.85,55.73,55.73,695,0
20190131,1700,55.73,55.73,55.62,55.62,83,0
20190131,1800,55.62,55.62,55.49,55.49,201,0
20190131,1900,55.49,55.49,55.49,55.49,111,0
20190131,2000,55.49,55.49,55.49,55.49,258,0
20190131,2100,55.49,55.49,55.49,55.49,248,0
20190131,2200,55.49,55.60,55.48,55.56,1594,0
20190131,2300,55.56,56.23,55.56,56.23,3763,0
20190201,0000,56.23,56.40,56.13,56.40,4082,0
20190201,0100,56.40,56.40,56.12,56.30,2658,0
20190201,0200,56.30,56.30,55.87,56.04,7501,0
20190201,0300,56.04,56.04,55.01,55.22,5701,0
20190201,0400,55.22,55.30,54.93,55.22,2042,0
20190201,0500,55.22,55.37,55.17,55.37,196,0
20190201,0600,55.37,55.37,55.32,55.32,545,0
20190201,0900,55.26,55.26,55.26,55.26,24,0
20190201,1000,55.26,55.26,55.10,55.10,92,0
20190201,1100,55.10,55.10,55.10,55.10,70,0
20190201,1200,55.10,55.10,55.10,55.10,0,0
20190201,1300,55.10,55.10,55.10,55.10,5,0
20190201,1400,55.10,55.10,55.10,55.10,0,0
20190201,1500,55.10,55.10,55.10,55.10,59,0
20190201,1600,55.10,55.10,55.10,55.10,84,0
20190201,1700,55.10,55.10,54.82,54.82,1091,0
20190201,1800,54.82,54.94,54.82,54.94,43,0
20190201,1900,54.94,54.94,54.94,54.94,329,0
20190201,2000,54.94,55.13,54.94,55.13,356,0
20190201,2100,55.13,55.13,55.08,55.08,1790,0
20190201,2200,55.08,55.42,55.06,55.42,461,0
20190201,2300,55.42,55.92,55.36,55.72,1126,0
20190202,0000,55.72,55.93,55.72,55.93,1659,0
20190202,0100,55.93,56.23,55.92,56.08,2890,0
20190202,0200,56.08,56.43,56.08,56.39,2675,0
20190202,0300,56.39,56.95,56.39,56.75,2982,0
20190202,0400,56.75,56.81,56.38,56.77,5459,0
20190202,0500,56.77,56.81,56.73,56.81,688,0
20190202,0600,56.81,56.81,56.79,56.79,134,0
20190204,0800,56.65,56.65,56.65,56.65,47,0
20190204,0900,56.65,56.65,56.65,56.65,3,0
20190204,1000,56.65,56.65,56.65,56.65,80,0
20190204,1100,56.65,56.65,56.65,56.65,9,0
20190204,1200,56.65,56.65,56.65,56.65,27,0
20190204,1300,56.65,56.65,56.65,56.65,457,0
20190204,1400,56.65,56.65,56.65,56.65,8,0
20190204,1500,56.65,56.65,56.64,56.64,190,0
20190204,1600,56.64,57.05,56.64,57.05,148,0
20190204,1700,57.05,57.05,56.87,56.87,89,0
20190204,1800,56.87,56.91,56.87,56.91,46,0
20190204,1900,56.91,56.91,56.91,56.91,67,0
20190204,2000,56.91,56.91,56.75,56.75,59,0
20190204,2100,56.75,56.75,56.61,56.61,246,0
20190204,2200,56.61,56.61,56.14,56.18,727,0
20190204,2300,56.18,56.19,55.70,55.81,2283,0
20190205,0000,55.81,55.81,55.05,55.46,7078,0
20190205,0100,55.46,55.99,55.46,55.95,1986,0
20190205,0200,55.95,56.18,55.91,56.18,963,0
20190205,0300,56.18,56.32,56.17,56.17,941,0
20190205,0400,56.17,56.42,56.17,56.42,4195,0
20190205,0500,56.42,56.42,56.42,56.42,935,0
20190205,0600,56.42,56.48,56.42,56.48,108,0
20190205,2000,56.31,56.34,56.31,56.34,22,0
20190205,2100,56.34,56.34,56.03,56.10,1324,0
20190205,2200,56.10,56.10,55.73,56.01,1805,0
20190205,2300,56.01,56.02,55.59,55.84,1863,0
20190206,0000,55.84,56.48,55.84,56.39,948,0
20190206,0100,56.39,56.39,55.84,55.95,1502,0
20190206,0200,55.95,55.95,55.58,55.58,1416,0
20190206,0300,55.58,55.82,55.51,55.80,1869,0
20190206,0400,55.80,55.92,55.67,55.67,5720,0
20190206,0500,55.67,55.67,55.67,55.67,1371,0
20190206,0600,55.67,55.71,55.67,55.71,538,0
20190206,1600,55.52,55.52,55.52,55.52,5,0
20190206,1700,55.52,55.52,55.52,55.52,49,0
20190206,1800,55.52,55.52,55.22,55.22,318,0
20190206,1900,55.22,55.22,54.99,55.19,435,0
20190206,2000,55.19,55.19,55.19,55.19,323,0
20190206,2100,55.19,55.19,55.19,55.19,331,0
20190206,2200,55.19,55.70,55.19,55.68,2072,0
20190206,2300,55.68,55.70,55.42,55.45,3443,0
20190207,0000,55.45,56.12,55.27,56.11,4209,0
20190207,0100,56.11,56.30,56.06,56.12,3079,0
20190207,0200,56.12,56.18,56.00,56.12,1491,0
20190207,0300,56.12,56.18,56.04,56.17,776,0
20190207,0400,56.17,56.17,56.02,56.08,3364,0
20190207,0500,56.08,56.08,56.08,56.08,139,0
20190207,0600,56.08,56.08,56.08,56.08,473,0
20190207,1000,55.72,55.80,55.72,55.80,23,0
20190207,1100,55.80,55.80,55.80,55.80,142,0
20190207,1200,55.80,55.80,55.80,55.80,114,0
20190207,1300,55.80,55.80,55.80,55.80,9,0
20190207,1400,55.80,55.80,55.80,55.80,4,0
20190207,1500,55.80,55.80,55.80,55.80,100,0
20190207,1600,55.80,55.80,55.67,55.67,139,0
20190207,1700,55.67,55.67,55.67,55.67,210,0
20190207,1800,55.67,56.00,55.67,56.00,101,0
20190207,1900,56.00,56.00,55.79,55.79,658,0
20190207,2000,55.79,55.84,55.79,55.80,140,0
20190207,2100,55.80,55.80,55.54,55.54,2086,0
20190207,2200,55.54,55.69,55.54,55.69,2206,0
20190207,2300,55.69,55.75,55.35,55.41,1317,0
20190208,0000,55.41,55.41,54.95,54.96,2386,0
20190208,0100,54.96,54.96,54.29,54.29,3104,0
20190208,0200,54.29,54.34,54.02,54.14,3171,0
20190208,0300,54.14,54.49,54.14,54.48,3213,0
20190208,0400,54.48,54.81,54.46,54.78,4942,0
20190208,0500,54.78,54.79,54.78,54.79,317,0
20190208,0600,54.79,54.79,54.79,54.79,185,0
20190208,0800,54.66,54.66,54.66,54.66,3,0
20190208,0900,54.66,54.66,54.58,54.60,198,0
20190208,1000,54.60,54.60,54.60,54.60,35,0
20190208,1100,54.60,54.60,54.60,54.60,8,0
20190208,1200,54.60,54.60,54.35,54.35,15,0
20190208,1300,54.35,54.35,54.35,54.35,0,0
20190208,1400,54.35,54.35,54.35,54.35,2,0
20190208,1500,54.35,54.35,54.35,54.35,217,0
20190208,1600,54.35,54.35,54.25,54.25,7,0
20190208,1700,54.25,54.25,54.25,54.25,106,0
20190208,1800,54.25,54.72,54.25,54.72,179,0
20190208,1900,54.72,54.72,54.67,54.67,43,0
20190208,2000,54.67,54.67,54.53,54.53,530,0
20190208,2100,54.53,54.68,54.53,54.57,1225,0
20190208,2200,54.57,55.03,54.57,54.90,1316,0
20190208,2300,54.90,55.10,54.90,55.03,1525,0
20190209,0000,55.03,55.03,54.62,54.72,11069,0
20190209,0100,54.72,54.76,54.35,54.55,5476,0
20190209,0200,54.55,54.68,54.55,54.64,1105,0
20190209,0300,54.64,54.64,54.64,54.64,3169,0
20190209,0400,54.64,54.86,54.64,54.82,5530,0
20190209,0500,54.82,54.82,54.82,54.82,235,0
20190209,0600,54.82,54.82,54.82,54.82,36,0
20190211,1000,54.32,54.32,54.31,54.31,127,0
20190211,1100,54.31,54.42,54.31,54.42,1044,0
20190211,1200,54.42,54.42,54.42,54.42,47,0
20190211,1300,54.42,54.42,54.42,54.42,6,0
20190211,1400,54.42,54.42,54.42,54.42,8,0
20190211,1500,54.42,54.49,54.42,54.49,9,0
20190211,1600,54.49,54.49,54.49,54.49,34,0
20190211,1700,54.49,54.59,54.49,54.59,791,0
20190211,1800,54.59,54.59,54.59,54.59,96,0
20190211,1900,54.59,54.59,54.59,54.59,277,0
20190211,2000,54.59,54.59,54.59,54.59,134,0
20190211,2100,54.59,54.59,54.59,54.59,685,0
20190211,2200,54.59,54.75,54.54,54.54,688,0
20190211,2300,54.51,54.64,53.86,53.91,5461,0
20190212,0000,53.91,54.11,53.87,53.93,2233,0
20190212,0100,53.93,54.10,53.76,54.02,1347,0
20190212,0200,54.02,54.40,54.02,54.40,565,0
20190212,0300,54.40,54.53,54.33,54.53,1816,0
20190212,0400,54.53,54.80,54.53,54.54,5050,0
20190212,0500,54.54,54.54,54.54,54.54,283,0
20190212,0600,54.54,54.58,54.54,54.54,116,0
20190212,1000,54.65,54.65,54.65,54.65,0,0
20190212,1100,54.65,54.65,54.65,54.65,162,0
20190212,1200,54.65,54.65,54.65,54.65,4,0
20190212,1300,54.65,54.65,54.65,54.65,5,0
20190212,1400,54.65,54.65,54.65,54.65,8,0
20190212,1500,54.65,54.65,54.65,54.65,262,0
20190212,1600,54.65,54.89,54.65,54.89,832,0
20190212,1700,54.89,54.97,54.89,54.94,445,0
20190212,1800,54.94,54.94,54.94,54.94,198,0
20190212,1900,54.94,55.22,54.94,55.22,67,0
20190212,2000,55.22,55.51,55.22,55.51,722,0
20190212,2100,55.51,55.62,55.51,55.62,248,0
20190212,2200,55.62,55.93,55.62,55.79,1250,0
20190212,2300,55.79,56.16,55.79,55.92,2474,0
20190213,0000,55.92,56.01,55.51,55.63,5491,0
20190213,0100,55.63,55.89,55.35,55.89,1529,0
20190213,0200,55.89,55.89,55.55,55.64,754,0
20190213,0300,55.64,55.81,55.64,55.81,438,0
20190213,0400,55.81,55.81,55.26,55.33,4299,0
20190213,0500,55.33,55.33,55.33,55.33,839,0
20190213,0600,55.33,55.60,55.28,55.56,183,0
20190213,1500,55.88,55.88,55.88,55.88,0,0
20190213,1600,55.88,55.88,55.80,55.80,27,0
20190213,1700,55.80,55.80,55.80,55.80,33,0
20190213,1800,55.80,55.80,55.55,55.55,173,0
20190213,1900,55.55,55.55,55.55,55.55,11,0
20190213,2000,55.55,55.55,55.55,55.55,43,0
20190213,2100,55.55,55.76,55.55,55.76,810,0
20190213,2200,55.76,55.76,55.55,55.55,502,0
20190213,2300,55.55,56.25,55.55,56.12,4996,0
20190214,0000,56.12,56.54,56.12,56.23,3624,0
20190214,0100,56.23,56.64,56.18,56.50,3156,0
20190214,0200,56.50,56.59,56.41,56.44,991,0
20190214,0300,56.44,56.44,56.22,56.31,6435,0
20190214,0400,56.31,56.36,56.13,56.28,5997,0
20190214,0500,56.28,56.36,56.28,56.36,286,0
20190214,0600,56.36,56.37,56.36,56.37,181,0
20190214,0800,56.33,56.33,56.33,56.33,0,0
20190214,0900,56.33,56.33,56.33,56.33,15,0
20190214,1000,56.33,56.45,56.33,56.45,24,0
20190214,1100,56.45,56.45,56.45,56.45,2,0
20190214,1200,56.45,56.45,56.45,56.45,5,0
20190214,1300,56.45,56.50,56.45,56.50,1,0
20190214,1400,56.50,56.53,56.50,56.52,14,0
20190214,1500,56.52,56.78,56.52,56.75,158,0
20190214,1600,56.75,56.89,56.75,56.89,193,0
20190214,1700,56.89,56.90,56.81,56.90,353,0
20190214,1800,56.90,56.90,56.73,56.73,212,0
20190214,1900,56.73,56.73,56.73,56.73,197,0
20190214,2000,56.73,56.91,56.73,56.81,282,0
20190214,2100,56.81,56.81,56.70,56.76,376,0
20190214,2200,56.76,56.79,56.45,56.56,1270,0
20190214,2300,56.56,56.56,55.80,56.03,3917,0
20190215,0000,56.03,56.23,55.63,56.16,2566,0
20190215,0100,56.16,56.60,56.11,56.60,2785,0
20190215,0200,56.60,56.72,56.60,56.66,2168,0
20190215,0300,56.66,56.76,56.64,56.71,4102,0
20190215,0400,56.71,56.81,56.54,56.81,3926,0
20190215,0500,56.81,56.85,56.81,56.85,205,0
20190215,0600,56.85,56.85,56.77,56.77,72,0
20190215,0900,56.88,57.10,56.88,57.10,190,0
20190215,1000,57.10,57.10,57.10,57.10,78,0
20190215,1100,57.10,57.10,57.10,57.10,24,0
20190215,1200,57.10,57.10,57.10,57.10,202,0
20190215,1300,57.10,57.10,57.10,57.10,0,0
20190215,1400,57.10,57.10,57.10,57.10,25,0
20190215,1500,57.10,57.10,57.10,57.10,5,0
20190215,1600,57.10,57.10,57.10,57.10,329,0
20190215,1700,57.10,57.10,56.81,56.86,66,0
20190215,1800,56.86,56.86,56.85,56.85,63,0
20190215,1900,56.85,56.97,56.72,56.97,656,0
20190215,2000,56.97,57.03,56.93,57.03,176,0
20190215,2100,57.03,57.20,56.83,57.20,1063,0
20190215,2200,57.23,57.30,57.10,57.25,1571,0
20190215,2300,57.25,57.67,57.25,57.49,2412,0
20190216,0000,57.49,57.55,57.42,57.51,2603,0
20190216,0100,57.51,57.79,57.51,57.79,5559,0
20190216,0200,57.79,57.93,57.79,57.82,4277,0
20190216,0300,57.82,57.82,57.51,57.69,6247,0
20190216,0400,57.69,58.12,57.68,58.12,2993,0
20190216,0500,58.12,58.16,58.10,58.15,1569,0
20190216,0600,58.15,58.18,58.15,58.18,580,0
20190218,0900,58.24,58.24,58.24,58.24,0,0
20190218,1000,58.24,58.42,58.24,58.30,165,0
20190218,1100,58.30,58.30,58.15,58.15,105,0
20190218,1200,58.15,58.20,58.15,58.20,205,0
20190218,1300,58.20,58.20,58.20,58.20,42,0
20190218,1400,58.20,58.26,58.20,58.26,15,0
20190218,1500,58.26,58.26,58.26,58.26,10,0
20190218,1600,58.26,58.43,58.26,58.43,207,0
20190218,1700,58.43,58.62,58.43,58.52,568,0
20190218,1800,58.52,58.52,58.30,58.30,277,0
20190218,1900,58.30,58.30,58.30,58.30,61,0
20190218,2000,58.30,58.30,58.22,58.22,218,0
20190218,2100,58.22,58.22,58.22,58.22,93,0
20190218,2200,58.22,58.53,58.22,58.43,309,0
20190218,2300,58.43,58.51,58.30,58.39,196,0
20190219,0000,58.39,58.44,58.38,58.44,50,0
20190219,0100,58.44,58.44,58.33,58.34,324,0
20190219,0200,58.34,58.42,58.32,58.42,907,0
20190219,0300,58.42,58.42,58.42,58.42,0,0
20190219,0400,58.42,58.42,58.42,58.42,0,0
20190219,0500,58.42,58.42,58.42,58.42,0,0
20190219,0600,58.42,58.42,58.42,58.42,0,0
20190219,0800,58.42,58.42,58.42,58.42,31,0
20190219,0900,58.42,58.42,58.20,58.20,31,0
20190219,1000,58.20,58.20,58.09,58.09,69,0
20190219,1100,58.09,58.09,58.09,58.09,7,0
20190219,1200,58.09,58.09,58.09,58.09,0,0
20190219,1300,58.09,58.09,58.09,58.09,5,0
20190219,1400,58.09,58.19,58.09,58.19,1,0
20190219,1500,58.19,58.30,58.19,58.30,12,0
20190219,1600,58.30,58.30,58.30,58.30,5,0
20190219,1700,58.30,58.30,58.27,58.27,10,0
20190219,1800,58.27,58.33,58.26,58.26,67,0
20190219,1900,58.26,58.26,58.26,58.26,84,0
20190219,2000,58.26,58.44,58.26,58.44,31,0
20190219,2100,58.44,58.44,58.41,58.41,69,0
20190219,2200,58.41,58.41,58.20,58.20,172,0
20190219,2300,58.20,58.23,57.71,58.20,1624,0
20190220,0000,58.20,58.36,57.87,57.87,3298,0
20190220,0100,57.87,58.18,57.87,58.16,1654,0
20190220,0200,58.16,58.28,58.16,58.20,1909,0
20190220,0300,58.20,58.25,58.10,58.10,1024,0
20190220,0400,58.10,58.37,58.06,58.33,2678,0
20190220,0500,58.33,58.33,58.28,58.28,2318,0
20190220,0600,58.28,58.28,58.28,58.28,779,0
20190220,0900,58.07,58.07,58.07,58.07,0,0
20190220,1000,58.03,58.18,58.03,58.18,70,0
20190220,1100,58.18,58.41,58.18,58.41,412,0
20190220,1200,58.41,58.47,58.33,58.33,252,0
20190220,1300,58.33,58.33,58.33,58.33,79,0
20190220,1400,58.33,58.33,58.33,58.33,80,0
20190220,1500,58.33,58.33,58.33,58.33,74,0
20190220,1600,58.33,58.37,58.29,58.37,121,0
20190220,1700,58.37,58.37,58.24,58.24,1086,0
20190220,1800,58.24,58.24,58.04,58.04,403,0
20190220,1900,58.04,58.11,58.04,58.11,151,0
20190220,2000,58.11,58.11,57.91,57.95,425,0
20190220,2100,57.95,57.99,57.84,57.89,189,0
20190220,2200,57.89,57.92,57.71,57.71,1466,0
20190220,2300,57.71,58.12,57.63,58.12,4171,0
20190221,0000,58.12,58.45,58.12,58.38,2421,0
20190221,0100,58.38,59.22,58.38,59.16,4359,0
20190221,0200,59.16,59.28,58.95,59.04,4154,0
20190221,0300,59.04,59.11,58.98,59.00,5119,0
20190221,0400,59.00,59.00,58.86,58.88,13733,0
20190221,0500,58.88,58.91,58.88,58.88,710,0
20190221,0600,58.88,58.97,58.80,58.97,3208,0
20190221,1000,58.72,58.72,58.58,58.58,39,0
20190221,1100,58.58,58.58,58.58,58.58,137,0
20190221,1200,58.58,59.02,58.58,59.02,300,0
20190221,1300,59.02,59.03,59.02,59.03,561,0
20190221,1400,59.03,59.09,58.98,58.98,615,0
20190221,1500,58.98,58.98,58.95,58.95,5,0
20190221,1600,58.95,58.95,58.95,58.95,33,0
20190221,1700,58.95,58.95,58.95,58.95,13,0
20190221,1800,58.95,58.95,58.95,58.95,269,0
20190221,1900,58.95,58.95,58.74,58.81,2045,0
20190221,2000,59.02,59.11,59.02,59.09,71,0
20190221,2100,59.09,59.09,58.77,58.77,1307,0
20190221,2200,58.77,58.87,58.68,58.82,2099,0
20190221,2300,58.82,58.91,58.64,58.83,6423,0
20190222,0000,58.83,58.85,58.63,58.74,7377,0
20190222,0100,58.57,58.94,58.57,58.61,3124,0
20190222,0200,58.66,58.77,58.53,58.65,816,0
20190222,0300,58.65,58.68,58.65,58.68,1397,0
20190222,0400,58.68,58.88,58.68,58.68,11272,0
20190222,0500,58.68,58.68,58.66,58.66,549,0
20190222,0600,58.66,58.66,58.66,58.66,424,0
20190222,1200,58.66,58.66,58.66,58.66,0,0
20190222,1300,58.66,58.66,58.66,58.66,2,0
20190222,1400,58.66,58.70,58.66,58.70,2,0
20190222,1500,58.70,58.70,58.70,58.70,7,0
20190222,1600,58.70,58.87,58.70,58.86,179,0
20190222,1700,58.86,58.86,58.79,58.79,69,0
20190222,1800,58.79,58.79,58.79,58.79,444,0
20190222,1900,58.79,58.79,58.79,58.79,292,0
20190222,2000,58.79,59.25,58.79,59.25,174,0
20190222,2100,59.25,59.36,59.25,59.36,1150,0
20190222,2200,59.36,59.52,59.36,59.38,3823,0
20190222,2300,59.38,59.43,59.23,59.32,5375,0
20190223,0000,59.32,59.41,59.01,59.17,4473,0
20190223,0100,59.17,59.21,59.05,59.12,2576,0
20190223,0200,59.12,59.12,59.10,59.10,4364,0
20190223,0300,59.10,59.10,59.07,59.08,2740,0
20190223,0400,59.08,59.09,59.05,59.05,13871,0
20190223,0500,59.05,59.05,58.96,58.96,230,0
20190223,0600,58.96,58.96,58.90,58.90,283,0
20190225,0800,59.06,59.15,59.06,59.15,28,0
20190225,0900,59.15,59.28,59.15,59.28,45,0
20190225,1000,59.28,59.28,59.01,59.03,538,0
20190225,1100,59.03,59.06,59.03,59.05,12,0
20190225,1200,59.05,59.05,58.86,58.86,38,0
20190225,1300,58.86,58.86,58.86,58.86,4,0
20190225,1400,58.86,58.86,58.86,58.86,5,0
20190225,1500,58.86,58.86,58.86,58.86,180,0
20190225,1600,58.86,58.86,58.86,58.86,186,0
20190225,1700,58.86,58.86,58.86,58.86,319,0
20190225,1800,58.86,59.17,58.86,59.17,75,0
20190225,1900,59.17,59.26,59.17,59.26,337,0
20190225,2000,59.26,59.26,59.21,59.21,212,0
20190225,2100,59.21,59.21,58.14,58.15,2966,0
20190225,2200,58.15,58.15,57.60,57.68,3817,0
20190225,2300,57.68,58.11,57.68,57.99,1548,0
20190226,0000,57.99,58.04,57.54,57.54,5021,0
20190226,0100,57.54,57.61,57.00,57.00,3489,0
20190226,0200,57.00,57.15,56.99,56.99,803,0
20190226,0300,56.99,57.37,56.99,57.37,3204,0
20190226,0400,57.37,57.48,57.22,57.24,5603,0
20190226,0500,57.24,57.24,57.13,57.15,1060,0
20190226,0600,57.15,57.15,57.15,57.15,283,0
20190226,0800,57.26,57.26,57.26,57.26,98,0
20190226,0900,57.26,57.26,57.26,57.26,110,0
20190226,1000,57.26,57.26,57.16,57.16,670,0
20190226,1100,57.16,57.16,57.02,57.02,7,0
20190226,1200,57.02,57.02,57.02,57.02,12,0
20190226,1300,57.02,57.02,57.02,57.02,10,0
20190226,1400,57.02,57.04,57.02,57.04,9,0
20190226,1500,57.04,57.05,57.04,57.05,13,0
20190226,1600,57.05,57.05,57.05,57.05,31,0
